1.840934375087369457e+00
1.030199528438161316e+00
1.078913217710594896e+00
1.057796613328612079e+00
1.166646668779065088e+00
1.091184251605267441e+00
1.021175724350669611e+00
1.115560026280720152e+00
1.030404846556013609e+00
1.032239021742167751e+00
1.049601944959601241e+00
1.148452279992172365e+00
1.018947221885687426e+00
1.034966112317457387e+00
1.032534912816977624e+00
1.124236682571780221e+00
1.035726226200569755e+00
1.040851898362582517e+00
1.036738255221195004e+00
1.030931101646739734e+00
1.059955511495484615e+00
1.025551184496240609e+00
1.029812481943654490e+00
2.080881068096882558e+00
1.033996020614523559e+00
1.033576064974884190e+00
1.069887083772119496e+00
1.039915880730266196e+00
1.039232360698207458e+00
1.081371210497373170e+00
1.038449530768012607e+00
1.086344859882757419e+00
1.061582038712799658e+00
1.013175889770089100e+00
1.026934533517234627e+00
1.026984042850621393e+00
1.059274612545777927e+00
1.033946802512510033e+00
1.073338758003039572e+00
1.086362624996503712e+00
1.053312815112342093e+00
1.104942895352415633e+00
1.220019186322844007e+00
1.101177564932946495e+00
1.019523568772541466e+00
1.044591891652615345e+00
1.010175624167075625e+00
1.024202783239978487e+00
1.069982316431044467e+00
1.051668814012650444e+00
1.067858948491654303e+00
1.027113058348788854e+00
1.126361797899406270e+00
1.078195041145171729e+00
1.037162579331429413e+00
1.044898558288210211e+00
1.278192361816536504e+00
1.161448480005219608e+00
1.049585053539978219e+00
1.082543708004436667e+00
1.082677383204568855e+00
1.064314080221436143e+00
1.084721827441924802e+00
1.098062845400406218e+00
1.061595726587327704e+00
1.054419785560511968e+00
1.081987456082302401e+00
1.058744280215833555e+00
1.066468318686332850e+00
1.059023862333773991e+00
1.033711196331879023e+00
1.051200805196501165e+00
1.012378789502619725e+00
1.082477598482796566e+00
1.045084655135454454e+00
1.043131657549196234e+00
1.003270528317003141e+00
1.124841570133185087e+00
1.038784446846776177e+00
1.038056368414672193e+00
1.057474220198869830e+00
1.099478812335163980e+00
1.044083110444262275e+00
1.037267713857019658e+00
1.031067980391966898e+00
1.032135343373440151e+00
1.035161237337263174e+00
1.091143187981700180e+00
1.074734338741706097e+00
1.067667609479698854e+00
1.155320098226525261e+00
1.052029358452230667e+00
1.079368703577713973e+00
1.095732703186314438e+00
1.069188710940039755e+00
1.062767641631637616e+00
1.032810708927058840e+00
1.066460746670642834e+00
1.013385867589917666e+00
1.063714143593372796e+00
1.043030017800063547e+00
1.047551676094798268e+00
1.020389690875376232e+00
1.118662222864230671e+00
1.176794334734353242e+00
1.046393157693628950e+00
1.059227141832010943e+00
1.035079692552869801e+00
1.042573658238822532e+00
1.042294949815016025e+00
1.014678643653951440e+00
1.030900522352595772e+00
1.030627929787613084e+00
1.027972482130039111e+00
1.011244734536774104e+00
1.025239858158670359e+00
1.127272769633663074e+00
1.052501444507612405e+00
1.159502471971904924e+00
1.037207720194203375e+00
1.044404629879863933e+00
1.032843909303579721e+00
1.018228462857535987e+00
1.023920871271059241e+00
1.062963640345572003e+00
1.073472433203164655e+00
1.024263068134189325e+00
1.060106951809359543e+00
1.053531529873339423e+00
1.040249340652167120e+00
1.041778887822317756e+00
1.017438643374362073e+00
1.016331672926213514e+00
1.062216631874235873e+00
1.066182911940956046e+00
1.102290651239968611e+00
1.176875879518746615e+00
1.076376592453129888e+00
1.092334906759390378e+00
1.028718325675896494e+00
1.033975925649798455e+00
1.043957007259791681e+00
1.111149035907658345e+00
1.018076148849530682e+00
1.039149068525574648e+00
1.020735964977660615e+00
1.066091756521245770e+00
1.030085948202753343e+00
1.106918026523032950e+00
1.043248150098321503e+00
1.148147943207561639e+00
1.077005069755728073e+00
1.043743825894893007e+00
1.051197310420036501e+00
1.131079746139448616e+00
1.033971557179199863e+00
1.067972528727068493e+00
1.044461419997588791e+00
1.055635967773497441e+00
1.130588730044820522e+00
1.046848061098017979e+00
1.155483770258058485e+00
1.040962275052891073e+00
1.061762310932607534e+00
1.056242020260384606e+00
1.055679361248053283e+00
1.044659748562480672e+00
1.081870672301789682e+00
1.074131781031297805e+00
1.083362068162102787e+00
1.040240603710998357e+00
1.039255367976664957e+00
1.038007441544039011e+00
1.107564560170743562e+00
1.056592371601908553e+00
1.068146393856636678e+00
1.067459379048131041e+00
1.098485130891049266e+00
1.057072029673008728e+00
1.083507392617150344e+00
1.074498732561067982e+00
1.133540068777193710e+00
1.038199071787374805e+00
1.038618736195616066e+00
1.043924971808792179e+00
1.064791408441493559e+00
1.046556829725176385e+00
1.070557498392417983e+00
1.044248238632661696e+00
1.040609011397634731e+00
1.043290087416011147e+00
1.031261649254929580e+00
1.063387090761693798e+00
1.044272702067985392e+00
1.110170207263536213e+00
1.176613480051827310e+00
1.026439440183395391e+00
1.171040476501133298e+00
1.027041706662430443e+00
1.085817148635186413e+00
1.086087702580528003e+00
1.035043579862644947e+00
1.020831197636624665e+00
1.024141624651690563e+00
1.046224534728736444e+00
1.019635692851096564e+00
1.039309537012002238e+00
1.084819681183176954e+00
1.094464390557590150e+00
1.146112235911374455e+00
1.048617874150750140e+00
1.037351879723757975e+00
1.054121855866100077e+00
1.038177520665783504e+00
1.044011176295157384e+00
1.041959451273498871e+00
1.043594715431993336e+00
1.085625809623195437e+00
1.020589184365775282e+00
1.022642074312926752e+00
1.042447555054366148e+00
1.016875401899284270e+00
1.065129819296743108e+00
1.014611660438191620e+00
1.029929265724149445e+00
1.102172993765321962e+00
1.080250260943302010e+00
1.018577940504940216e+00
1.067421810201039989e+00
1.042637146678117688e+00
1.072959574755600443e+00
1.221987036709123231e+00
1.076061771339112738e+00
1.181807009123701846e+00
1.096400496724214690e+00
1.078723917318228587e+00
1.039519514831823699e+00
1.073272066018660098e+00
1.030764226070090217e+00
1.007772965341132476e+00
1.079340162903179134e+00
1.019952261353409995e+00
1.032006036643906555e+00
1.057101444041677496e+00
1.024576433091340277e+00
1.037420901559130471e+00
1.139019004594445050e+00
1.033126403735252552e+00
1.074268659776521417e+00
1.060523703903925252e+00
1.223338932741853569e+00
1.016557377240133064e+00
1.015514768925413591e+00
1.032330468393240608e+00
1.057715651006958524e+00
1.035602161635779339e+00
1.189401449633237462e+00
1.017638136864775333e+00
1.120579981454397966e+00
1.015547969301849207e+00
1.090520826537954235e+00
1.133324266329964303e+00
1.120711909266276507e+00
1.014279656673124919e+00
1.041250011649253793e+00
1.087783834096001101e+00
1.102770600542385182e+00
1.028397679934414555e+00
1.054937303710005381e+00
1.069659632069942745e+00
1.139724075748119958e+00
1.107132664044854664e+00
1.027859484357406927e+00
9.952939922462746836e-01
1.021695863582579022e+00
1.036525947550387627e+00
1.280941003513419219e+00
1.053297962312342406e+00
1.200081195306779591e+00
1.050963742858982641e+00
1.067178340773352829e+00
1.229546238222610555e+00
1.038590195521123860e+00
1.044898267056851182e+00
1.035920768757648602e+00
1.149747677138577728e+00
1.023877769027876639e+00
1.028215660326395664e+00
1.079678282527027022e+00
1.046653227309548129e+00
1.029237591213643555e+00
1.047458190824102076e+00
1.074273610709894911e+00
1.043855076279328387e+00
1.041378735916055120e+00
1.069201525120490714e+00
1.077726158634902731e+00
1.079016604847936378e+00
1.066854782718110073e+00
1.071752129483797944e+00
1.036252481291285221e+00
1.035749524710411151e+00
1.042753347995869717e+00
1.063904317679828182e+00
1.083517876946586966e+00
1.068355789213740081e+00
1.038199654250149706e+00
1.073603778552353560e+00
1.142865297335561081e+00
1.064494934903962076e+00
1.033373076708016924e+00
1.035067460835193742e+00
1.064115169193769361e+00
1.012002518568920095e+00
1.026123454143885283e+00
1.045197944139488300e+00
1.140590197850940513e+00
1.069511395301162793e+00
1.056039905687669034e+00
1.098982845307205025e+00
1.039201490172729336e+00
1.040254000354138952e+00
1.046397526164241754e+00
1.040481743287728023e+00
1.037006479315607521e+00
1.047384800518159409e+00
1.070179771301809524e+00
1.103862135727808891e+00
1.059381203228213053e+00
1.034716527030923316e+00
1.094209271874944989e+00
1.064243019766479392e+00
1.022947284791655420e+00
1.051452429102653241e+00
1.043274943384631115e+00
1.053982064807144070e+00
1.066850414247483059e+00
1.027337888968645530e+00
1.033743523014265975e+00
1.087278838895429089e+00
1.070809413529957510e+00
1.036783104852645465e+00
1.120118962191213541e+00
1.110109339906614423e+00
1.065642677744335742e+00
1.107644357566869076e+00
1.133807710408859748e+00
1.055986027883648148e+00
1.045586155559476538e+00
1.030406885175636944e+00
1.079845740566440782e+00
1.043980305769650840e+00
1.048321983075936714e+00
1.031819648565260650e+00
1.029145853331215221e+00
1.064540366998130594e+00
1.022159503928151025e+00
1.032597818793533406e+00
1.044411328201476863e+00
1.045288225865078857e+00
1.043484921204424154e+00
1.042723642395856132e+00
1.024616040558044006e+00
1.073907532874159187e+00
1.055004869388540101e+00
1.041706371210523230e+00
1.022738763128700157e+00
1.060206844170295426e+00
1.066560639031479241e+00
1.031343776502069431e+00
1.019625208521688364e+00
1.063100810322168854e+00
1.029996540171282504e+00
1.021224359989901131e+00
1.026798528466088101e+00
1.042163895697228782e+00
1.076432508876735028e+00
1.033179407845125297e+00
1.024141624651690563e+00
1.034791955956507081e+00
1.146611988947199734e+00
1.034957375376279742e+00
1.033887100081074095e+00
1.036960173527290863e+00
1.079845449335039120e+00
1.072875991351622815e+00
1.025314122158761165e+00
1.051201678890663516e+00
1.015341486258535042e+00
1.026434780481451980e+00
1.044586649487882823e+00
1.245991491384188521e+00
1.269778104992383305e+00
1.049324401461262823e+00
1.052140026373933779e+00
1.025113463742854947e+00
1.027229842129315784e+00
1.105916190600453319e+00
1.010280758692658765e+00
1.074234876937282479e+00
1.078059909788180448e+00
9.815490363736216750e-01
1.054977784870857249e+00
1.042633943133012053e+00
1.039566403082858415e+00
1.092222491449433619e+00
1.051565718106701297e+00
1.034065042449867633e+00
1.019600162623589767e+00
1.041684820088903507e+00
1.032715185036749972e+00
1.038486225920962625e+00
1.077839156407549126e+00
1.082707380035969891e+00
1.064833928221958104e+00
1.040809378582196132e+00
1.122680633346703871e+00
1.046389662917192709e+00
1.047292480172984597e+00
1.056367540982080300e+00
1.030028575622282005e+00
1.013950565221875877e+00
1.032319984063803986e+00
1.127113466072728443e+00
1.075682005628948446e+00
1.053609871112655583e+00
1.024590412197255773e+00
1.042425712701458451e+00
1.036644478719153994e+00
1.055288819977079129e+00
1.054070890375840008e+00
1.143856940160105751e+00
1.141152565631898597e+00
1.050925591549173532e+00
1.042711410678180073e+00
1.114745452130875947e+00
1.168903420687229300e+00
1.107992379057407106e+00
1.064589293868721143e+00
1.131882962265706283e+00
1.078319688172712176e+00
1.040446795522939283e+00
1.048401198009401014e+00
1.061475448030364532e+00
1.044418317754434611e+00
1.088833140732276661e+00
1.044095342161938333e+00
1.040507371648459412e+00
1.050859773258878249e+00
1.023380054611720880e+00
1.020037009682880580e+00
1.112409776520678406e+00
1.057154448151493398e+00
1.061966172893619387e+00
1.095827644613848406e+00
1.066578986608021751e+00
1.033526264410113527e+00
1.099065846248493017e+00
1.033262117554954784e+00
1.059799993942363017e+00
1.056333466911439700e+00
1.082769412318384639e+00
1.054860127396295866e+00
1.063528629208860821e+00
1.039030246125491885e+00
1.033011367342965059e+00
1.072472344668824462e+00
1.040294481514990821e+00
1.051580279675306429e+00
1.072648539649378563e+00
1.039561160918140104e+00
1.061409338508667588e+00
1.044489378209391361e+00
1.081508671705364577e+00
1.043416773063199798e+00
1.049950840144276754e+00
1.180640336244096034e+00
1.066614516835500126e+00
1.032633349021011782e+00
1.072887058143805916e+00
1.067932921260307921e+00
1.072464481421775417e+00
1.073856858615386045e+00
1.042747232137003266e+00
1.057542077108792000e+00
1.027140142866414863e+00
1.026568164450168297e+00
1.030139243543999328e+00
1.025919592182845008e+00
1.111102147656652051e+00
1.048558171719264465e+00
1.055186306533869356e+00
1.043529479604558219e+00
1.030992260235052527e+00
1.120214777312867227e+00
1.024692925640465546e+00
1.024901447303363966e+00
1.025932406363267546e+00
1.029251570319502207e+00
1.023209393027286751e+00
